position:      23.2717 9.88607 30.8758
orientation:   -0.0443882 0.327585 0.091972 0.939286
field_of_view: 0.785398
