position:      33.3813 14.7907 16.0926
orientation:   -0.0929447 0.573696 0.114274 0.805715
field_of_view: 0.785398
