position:      23.759 18.1306 20.2508
orientation:   -0.302529 0.352632 -0.0232819 0.885203
field_of_view: 0.785398
