position:      24.1653 18.4486 20.7299
orientation:   -0.302805 0.348667 -0.0223516 0.886702
field_of_view: 0.771017
